4

12
12
24

1537983
23606766456
23608304439

377773935827991229645029714898969028
301174256660595384532197942652815288956047581636
301174256660973158468025933882460318670946550664

1242468682113840180763850624340867898830637122775434796573473991466933960634085363735808574823872230131509619596260435331836866582052453403290874467870290043697815376935298110895904163169442926407335197820883439691250684070655002714487685888
417545487977981564551173186152102228498479694796653351848954185997611243506278579601980980219484255929864359810447039931
1242468682113840180763850624340867898830637122775434796573473991466933960634085363735808574823872230131509619596260435332254412070030434967842047654022392272196295071731951462744858349167054169913613777422864419910734940000519362524934725819