4

12
12
144

1537983
23606766456
36306805494298248

377773935827991229645029714898969028
301174256660595384532197942652815288956047581636
113775784308742720967400704214093299868785809849503488101617302573417961289065569808

3100675333279421257617608000138708458801868104897830766303748759001197941598947667658921326203715302820376126044350727358334784388707871335695033578987322915001084651142521380653788065896776145986861827114585345797313243712035560159039288370426232610063160693819476708720025406607223686363847361116574606364158447113777534349736920690749819066439287617387982955
1171369677597009928756935527390310076747104574041487803153297373026018778590309248490666613573253409796114715852296556570425972890140974834424931319354962747988270078167895368091978679700466964125155929802558454004250319697247623603299250283
3632037065476516989102005880189036681468878216504892153639660828660684602213320010198882230729731518515772216417017389034064434821917690775695012221304270471499211031271008103366533076050537892207842351509250073665317259566599667026115679337363478361006683882015849225829163691690450823411660978084207333975389032098081970107492317775392789688945065895749268771860660129046362314270872481718207373094132958594820374997196658739069990725747261708932784950927123224323202723738348598321078387676384716235726347912313923192938996506531564485946611298023515675476082819069145263138415045041436485082926265